fused_layout_transform_32
(1,16,7,7,32)
(1,128,7,7,4)
------------------------------------------
fused_layout_transform_33
(1,16,7,7,32)
(1,1,7,7,512)
------------------------------------------
fused_layout_transform_34
(1,64,7,7,32)
(1,512,7,7,4)
------------------------------------------
fused_layout_transform_35
(1,16,14,14,64)
(1,2,14,14,512)
------------------------------------------
fused_layout_transform_36
(1,16,14,14,16)
(1,1,14,14,256)
------------------------------------------
fused_layout_transform_37
(1,4,14,14,64)
(1,2,14,14,128)
------------------------------------------
fused_layout_transform_38
(1,16,28,28,32)
(1,8,28,28,64)
------------------------------------------
fused_layout_transform_39
(1,4,28,28,32)
(1,32,28,28,4)
------------------------------------------
fused_layout_transform_40
(1,2,28,28,64)
(1,1,28,28,128)
------------------------------------------
fused_layout_transform_41
(1,16,28,28,32)
(1,1,28,28,512)
------------------------------------------
fused_layout_transform_42
(1,4,28,28,32)
(1,1,28,28,128)
------------------------------------------
fused_layout_transform_43
(1,8,56,56,32)
(1,1,56,56,256)
------------------------------------------
fused_layout_transform_44
(1,2,56,56,32)
(1,16,56,56,4)
------------------------------------------
fused_layout_transform_45
(1,2,56,56,32)
(1,1,56,56,64)
------------------------------------------
fused_layout_transform_46
(1,4,56,56,16)
(1,1,56,56,64)
------------------------------------------
fused_layout_transform_47
(1,8,56,56,8)
(1,4,56,56,16)
------------------------------------------
fused_layout_transform_48
(1,8,56,56,8)
(1,16,56,56,4)
------------------------------------------
fused_layout_transform_49
(1,8,28,28,64)
(1,16,28,28,32)
------------------------------------------
fused_layout_transform_50
(1,16,14,14,64)
(1,1,14,14,1024)
------------------------------------------
fused_layout_transform_transpose_nn_batch_flatten
(1,64,1,1,32)
(1,2048)
------------------------------------------
fused_nn_contrib_conv2d_NCHWc_add_add_nn_relu
(1,1,7,7,512)
(1,16,7,7,32)
------------------------------------------
fused_nn_contrib_conv2d_NCHWc_add_add_nn_relu_1
(1,512,7,7,4)
(1,16,7,7,32)
------------------------------------------
fused_nn_contrib_conv2d_NCHWc_add_add_nn_relu_10
(1,1,56,56,256)
(1,2,56,56,32)
------------------------------------------
fused_nn_contrib_conv2d_NCHWc_add_add_nn_relu_11
(1,1,56,56,64)
(1,2,56,56,32)
------------------------------------------
fused_nn_contrib_conv2d_NCHWc_add_add_nn_relu_12
(1,4,56,56,16)
(1,4,56,56,16)
------------------------------------------
fused_nn_contrib_conv2d_NCHWc_add_add_nn_relu_2
(1,2,14,14,512)
(1,16,7,7,32)
------------------------------------------
fused_nn_contrib_conv2d_NCHWc_add_add_nn_relu_3
(1,2,14,14,128)
(1,16,14,14,16)
------------------------------------------
fused_nn_contrib_conv2d_NCHWc_add_add_nn_relu_4
(1,2,14,14,512)
(1,4,14,14,64)
------------------------------------------
fused_nn_contrib_conv2d_NCHWc_add_add_nn_relu_5
(1,8,28,28,64)
(1,4,14,14,64)
------------------------------------------
fused_nn_contrib_conv2d_NCHWc_add_add_nn_relu_6
(1,1,28,28,128)
(1,4,28,28,32)
------------------------------------------
fused_nn_contrib_conv2d_NCHWc_add_add_nn_relu_7
(1,1,28,28,512)
(1,2,28,28,64)
------------------------------------------
fused_nn_contrib_conv2d_NCHWc_add_add_nn_relu_8
(1,1,56,56,256)
(1,4,28,28,32)
------------------------------------------
fused_nn_contrib_conv2d_NCHWc_add_add_nn_relu_9
(1,1,56,56,64)
(1,2,56,56,32)
------------------------------------------
fused_nn_contrib_conv2d_NCHWc_add_multiply_add
(1,16,56,56,4)
(1,8,56,56,32)
------------------------------------------
fused_nn_contrib_conv2d_NCHWc_add_multiply_add_1
(1,1,56,56,256)
(1,8,28,28,64)
------------------------------------------
fused_nn_contrib_conv2d_NCHWc_add_multiply_add_2
(1,1,28,28,512)
(1,16,14,14,64)
------------------------------------------
fused_nn_contrib_conv2d_NCHWc_add_multiply_add_3
(1,1,14,14,1024)
(1,64,7,7,32)
------------------------------------------
fused_nn_contrib_conv2d_NCHWc_add_multiply_add_add_nn_relu
(1,128,7,7,4)
(1,64,7,7,32)
------------------------------------------
fused_nn_contrib_conv2d_NCHWc_add_multiply_add_add_nn_relu_1
(1,1,14,14,256)
(1,16,14,14,64)
------------------------------------------
fused_nn_contrib_conv2d_NCHWc_add_multiply_add_add_nn_relu_2
(1,32,28,28,4)
(1,16,28,28,32)
------------------------------------------
fused_nn_contrib_conv2d_NCHWc_add_multiply_add_add_nn_relu_3
(1,16,56,56,4)
(1,8,56,56,32)
------------------------------------------
fused_nn_contrib_conv2d_NCHWc_add_multiply_add_add_nn_relu_4
(1,16,56,56,4)
(1,8,56,56,32)
------------------------------------------
fused_nn_contrib_conv2d_NCHWc_add_multiply_add_nn_relu
(1,1,230,230,3)
(1,8,112,112,8)
------------------------------------------
fused_nn_dense_add
(1,2048)
(1,1000)
------------------------------------------
fused_nn_global_avg_pool2d
(1,64,7,7,32)
(1,64,1,1,32)
------------------------------------------
fused_nn_max_pool2d
(1,8,114,114,8)
(1,8,56,56,8)
------------------------------------------
fused_nn_pad
(1,8,112,112,8)
(1,8,114,114,8)
------------------------------------------
fused_nn_pad_layout_transform
(1,3,224,224)
(1,1,230,230,3)
------------------------------------------
fused_nn_softmax
(1,1000)
(1,1000)
------------------------------------------
