fused_layout_transform_49_compute_
(1,8,28,28,64)
(1,16,28,28,32)
-------------------------------------------------
fused_nn_pad_compute_
(1,8,112,112,8)
(1,8,114,114,8)
-------------------------------------------------
fused_layout_transform_34_compute_
(1,64,7,7,32)
(1,512,7,7,4)
-------------------------------------------------
fused_nn_contrib_conv2d_NCHWc_add_add_nn_relu_4_compute_
(1,2,14,14,512)
(1,4,14,14,64)
-------------------------------------------------
fused_nn_contrib_conv2d_NCHWc_add_multiply_add_add_nn_relu_compute_
(1,128,7,7,4)
(1,64,7,7,32)
-------------------------------------------------
fused_nn_contrib_conv2d_NCHWc_add_multiply_add_1_compute_
(1,1,56,56,256)
(1,8,28,28,64)
-------------------------------------------------
fused_nn_contrib_conv2d_NCHWc_add_add_nn_relu_6_compute_
(1,1,28,28,128)
(1,4,28,28,32)
-------------------------------------------------
fused_nn_contrib_conv2d_NCHWc_add_multiply_add_3_compute_
(1,1,14,14,1024)
(1,64,7,7,32)
-------------------------------------------------
fused_layout_transform_39_compute_
(1,4,28,28,32)
(1,32,28,28,4)
-------------------------------------------------
fused_nn_contrib_conv2d_NCHWc_add_multiply_add_add_nn_relu_2_compute_
(1,32,28,28,4)
(1,16,28,28,32)
-------------------------------------------------
fused_nn_dense_add_compute_
(1,2048)
(1,1000)
-------------------------------------------------
fused_layout_transform_38_compute_
(1,16,28,28,32)
(1,8,28,28,64)
-------------------------------------------------
fused_layout_transform_35_compute_
(1,16,14,14,64)
(1,2,14,14,512)
-------------------------------------------------
fused_nn_contrib_conv2d_NCHWc_add_add_nn_relu_5_compute_
(1,8,28,28,64)
(1,4,14,14,64)
-------------------------------------------------
fused_layout_transform_transpose_nn_batch_flatten_compute_
(1,64,1,1,32)
(1,2048)
-------------------------------------------------
fused_layout_transform_transpose_nn_batch_flatten_compute_
(1,64,1,1,32)
(1,2048)
-------------------------------------------------
fused_layout_transform_37_compute_
(1,4,14,14,64)
(1,2,14,14,128)
-------------------------------------------------
fused_layout_transform_33_compute_
(1,16,7,7,32)
(1,1,7,7,512)
-------------------------------------------------
fused_nn_contrib_conv2d_NCHWc_add_add_nn_relu_3_compute_
(1,2,14,14,128)
(1,16,14,14,16)
-------------------------------------------------
fused_layout_transform_43_compute_
(1,8,56,56,32)
(1,1,56,56,256)
-------------------------------------------------
fused_nn_contrib_conv2d_NCHWc_add_add_nn_relu_10_compute_
(1,1,56,56,256)
(1,2,56,56,32)
-------------------------------------------------
fused_nn_contrib_conv2d_NCHWc_add_multiply_add_add_nn_relu_4_compute_
(1,16,56,56,4)
(1,8,56,56,32)
-------------------------------------------------
fused_nn_softmax_compute_
(1,1000)
(1,1000)
-------------------------------------------------
fused_layout_transform_48_compute_
(1,8,56,56,8)
(1,16,56,56,4)
-------------------------------------------------
fused_nn_pad_layout_transform_compute_
(1,3,224,224)
(1,1,230,230,3)
-------------------------------------------------
fused_nn_pad_layout_transform_compute_
(1,3,224,224)
(1,1,230,230,3)
-------------------------------------------------
fused_layout_transform_32_compute_
(1,16,7,7,32)
(1,128,7,7,4)
-------------------------------------------------
fused_layout_transform_44_compute_
(1,2,56,56,32)
(1,16,56,56,4)
-------------------------------------------------
fused_layout_transform_40_compute_
(1,2,28,28,64)
(1,1,28,28,128)
-------------------------------------------------
fused_nn_contrib_conv2d_NCHWc_add_add_nn_relu_2_compute_
(1,2,14,14,512)
(1,16,7,7,32)
-------------------------------------------------
fused_nn_contrib_conv2d_NCHWc_add_add_nn_relu_compute_
(1,1,7,7,512)
(1,16,7,7,32)
-------------------------------------------------
fused_nn_contrib_conv2d_NCHWc_add_add_nn_relu_11_compute_
(1,1,56,56,64)
(1,2,56,56,32)
-------------------------------------------------
fused_layout_transform_36_compute_
(1,16,14,14,16)
(1,1,14,14,256)
-------------------------------------------------
fused_nn_contrib_conv2d_NCHWc_add_add_nn_relu_7_compute_
(1,1,28,28,512)
(1,2,28,28,64)
-------------------------------------------------
fused_nn_global_avg_pool2d_compute_
(1,64,7,7,32)
(1,64,1,1,32)
-------------------------------------------------
fused_nn_contrib_conv2d_NCHWc_add_add_nn_relu_1_compute_
(1,512,7,7,4)
(1,16,7,7,32)
-------------------------------------------------
fused_nn_contrib_conv2d_NCHWc_add_multiply_add_nn_relu_compute_
(1,1,230,230,3)
(1,8,112,112,8)
-------------------------------------------------
fused_layout_transform_41_compute_
(1,16,28,28,32)
(1,1,28,28,512)
-------------------------------------------------
fused_layout_transform_42_compute_
(1,4,28,28,32)
(1,1,28,28,128)
-------------------------------------------------
fused_layout_transform_47_compute_
(1,8,56,56,8)
(1,4,56,56,16)
-------------------------------------------------
fused_nn_contrib_conv2d_NCHWc_add_add_nn_relu_8_compute_
(1,1,56,56,256)
(1,4,28,28,32)
-------------------------------------------------
fused_nn_contrib_conv2d_NCHWc_add_multiply_add_compute_
(1,16,56,56,4)
(1,8,56,56,32)
-------------------------------------------------
fused_nn_contrib_conv2d_NCHWc_add_add_nn_relu_9_compute_
(1,1,56,56,64)
(1,2,56,56,32)
-------------------------------------------------
fused_nn_contrib_conv2d_NCHWc_add_multiply_add_2_compute_
(1,1,28,28,512)
(1,16,14,14,64)
-------------------------------------------------
fused_layout_transform_45_compute_
(1,2,56,56,32)
(1,1,56,56,64)
-------------------------------------------------
fused_layout_transform_46_compute_
(1,4,56,56,16)
(1,1,56,56,64)
-------------------------------------------------
fused_layout_transform_50_compute_
(1,16,14,14,64)
(1,1,14,14,1024)
-------------------------------------------------
fused_nn_contrib_conv2d_NCHWc_add_multiply_add_add_nn_relu_3_compute_
(1,16,56,56,4)
(1,8,56,56,32)
-------------------------------------------------
fused_nn_contrib_conv2d_NCHWc_add_add_nn_relu_12_compute_
(1,4,56,56,16)
(1,4,56,56,16)
-------------------------------------------------
fused_nn_contrib_conv2d_NCHWc_add_multiply_add_add_nn_relu_1_compute_
(1,1,14,14,256)
(1,16,14,14,64)
-------------------------------------------------
fused_nn_max_pool2d_compute_
(1,8,114,114,8)
(1,8,56,56,8)
-------------------------------------------------
